# sns 회원 204명을 대상으로 친구가 몇명인지 조사한 결과를 리스트로 저장, 회원아이디는 친구가 많은 순서대로
# 0,1,2,... 등 으로 정렬되어 있고, 리스트의 각 항목이 해당 회원의 친구 숫자이다. 친구숫자 최대는 100, 최소 1명
num_friends = [100,49,41,40,25,21,21,19,19,18,18,16,15,
               15,15,15,14,14,13,13,13,13,12,12,11,10,10,
               10,10,10,10,10,10,10,10,10,10,10,10,10,9,
               9,9,9,9,9,9,9,9,9,9,9,9,9,9,9,9,9,8,8,8,
               8,8,8,8,8,8,8,8,8,8,7,7,7,7,7,7,7,7,7,7,
               7,7,7,7,7,6,6,6,6,6,6,6,6,6,6,6,6,6,6,6,
               6,6,6,6,6,6,6,5,5,5,5,5,5,5,5,5,5,5,5,5,5,
               5,5,5,4,4,4,4,4,4,4,4,4,4,4,4,4,4,4,4,4,4,
               4,4,3,3,3,3,3,3,3,3,3,3,3,3,3,3,3,3,3,3,3,
               3,2,2,2,2,2,2,2,2,2,2,2,2,2,2,2,2,2,1,1,1,
               1,1,1,1,1,1,1,1,1,1,1,1,1,1,1,1,1,1,1]